======= TABLE 1 size: 64 values ======
flen: 64
lenmask: 63
lobits: 18
lomask: 262143
lodiv: 0.000004
cvtbas: 0.000000
cpscvt: 0.000000
loopmode1: 0
loopmode2: 0
begin1: 0
end1: 0
begin2: 0
end2: 0
soundend: 0
flenfrms: 64
nchnls: 1
fno: 1
gen01args.gen01: 0.000000
gen01args.ifilno: 0.000000
gen01args.iskptim: 0.000000
gen01args.iformat: 0.000000
gen01args.channel: 0.000000
gen01args.sample_rate: 0.000000
---------END OF HEADER--------------
0.000000
0.031250
0.062500
0.093750
0.125000
0.156250
0.187500
0.218750
0.250000
0.281250
0.312500
0.343750
0.375000
0.406250
0.437500
0.468750
0.500000
0.531250
0.562500
0.593750
0.625000
0.656250
0.687500
0.718750
0.750000
0.781250
0.812500
0.843750
0.875000
0.906250
0.937500
0.968750
1.000000
0.968750
0.937500
0.906250
0.875000
0.843750
0.812500
0.781250
0.750000
0.718750
0.687500
0.656250
0.625000
0.593750
0.562500
0.531250
0.500000
0.468750
0.437500
0.406250
0.375000
0.343750
0.312500
0.281250
0.250000
0.218750
0.187500
0.156250
0.125000
0.093750
0.062500
0.031250
0.000000
---------END OF TABLE---------------
